------------------------------------------------------------
 transfer characteristics
------------------------------------------------------------
Vg (V), Ids (A)
               -1.49,              9.74833
               -1.48,              9.69061
               -1.47,              9.63279
               -1.46,              9.57457
               -1.45,              9.51625
               -1.44,              9.45779
               -1.43,              9.39917
               -1.42,              9.34042
               -1.41,              9.28154
                -1.4,              9.22253
               -1.39,              9.16366
               -1.38,              9.10422
               -1.37,              9.04492
               -1.36,              8.98552
               -1.35,              8.92604
               -1.34,              8.86648
               -1.33,              8.80685
               -1.32,              8.74715
               -1.31,              8.68739
                -1.3,              8.62756
               -1.29,              8.56768
               -1.28,              8.50775
               -1.27,               8.4478
               -1.26,              8.38776
               -1.25,               8.3277
               -1.24,              8.26762
               -1.23,               8.2075
               -1.22,              8.14736
               -1.21,              8.08721
                -1.2,              8.02704
               -1.19,              7.96687
               -1.18,              7.90678
               -1.17,              7.84654
               -1.16,              7.78639
               -1.15,              7.72625
               -1.14,              7.66608
               -1.13,              7.60606
               -1.12,              7.54602
               -1.11,              7.48603
                -1.1,               7.4261
               -1.09,              7.36623
               -1.08,              7.30643
               -1.07,              7.24671
               -1.06,              7.18708
               -1.05,              7.12755
               -1.04,              7.06814
               -1.03,              7.00885
               -1.02,              6.94968
               -1.01,              6.89065
                  -1,              6.83179
               -0.99,              6.77309
               -0.98,              6.71458
               -0.97,              6.65624
               -0.96,              6.59812
               -0.95,              6.54021
               -0.94,              6.48254
               -0.93,               6.4251
               -0.92,              6.36787
               -0.91,              6.31104
                -0.9,              6.25443
               -0.89,              6.19812
               -0.88,               6.1421
               -0.87,              6.08643
               -0.86,              6.03107
               -0.85,              5.97605
               -0.84,              5.92142
               -0.83,              5.86712
               -0.82,              5.81319
               -0.81,              5.75963
                -0.8,              5.70647
               -0.79,              5.65368
               -0.78,              5.60127
               -0.77,              5.54927
               -0.76,              5.49762
               -0.75,              5.44638
               -0.74,              5.39551
               -0.73,              5.34505
               -0.72,              5.29494
               -0.71,              5.24524
                -0.7,              5.19587
               -0.69,              5.14688
               -0.68,              5.09825
               -0.67,              5.04997
               -0.66,                5.002
               -0.65,              4.95439
               -0.64,                4.907
               -0.63,              4.85992
               -0.62,              4.81306
               -0.61,               4.7664
                -0.6,               4.7199
               -0.59,               4.6735
               -0.58,              4.62714
               -0.57,              4.58077
               -0.56,               4.5343
               -0.55,              4.48766
               -0.54,              4.44076
               -0.53,              4.39351
               -0.52,              4.34578
               -0.51,              4.29747
                -0.5,              4.24845
               -0.49,              4.19858
               -0.48,              4.14776
               -0.47,               4.0958
               -0.46,              4.04253
               -0.45,              3.98773
               -0.44,              3.93117
               -0.43,              3.87272
               -0.42,              3.81206
               -0.41,                3.749
                -0.4,              3.68333
               -0.39,              3.61488
               -0.38,               3.5435
               -0.37,              3.46915
               -0.36,              3.39184
               -0.35,              3.31167
               -0.34,              3.22884
               -0.33,              3.14366
               -0.32,              3.05647
               -0.31,              2.96768
                -0.3,               2.8777
               -0.29,              2.78694
               -0.28,              2.69577
               -0.27,              2.60453
               -0.26,              2.51351
               -0.25,              2.42296
               -0.24,              2.33308
               -0.23,              2.24406
               -0.22,              2.15603
               -0.21,               2.0691
                -0.2,              1.98339
               -0.19,              1.89897
               -0.18,              1.81592
               -0.17,               1.7343
               -0.16,              1.65417
               -0.15,              1.57558
               -0.14,              1.49858
               -0.13,              1.42321
               -0.12,              1.34952
               -0.11,              1.27754
                -0.1,              1.20732
               -0.09,              1.13889
               -0.08,              1.07228
               -0.07,              1.00755
               -0.06,             0.944706
               -0.05,             0.883788
               -0.04,             0.824832
               -0.03,              0.76786
               -0.02,              0.71292
               -0.01,             0.660018
                   0,             0.609187
                0.01,             0.560453
                0.02,             0.513838
                0.03,             0.469363
                0.04,             0.427049
                0.05,             0.386916
                0.06,             0.348981
                0.07,             0.313261
                0.08,             0.279774
                0.09,             0.248537
                 0.1,             0.219573
                0.11,             0.192904
                0.12,             0.168563
                0.13,             0.146594
                0.14,             0.127059
                0.15,             0.110048
                0.16,            0.0956936
                0.17,            0.0841902
                0.18,            0.0758205
                0.19,            0.0709895
                 0.2,            0.0702629
                0.21,            0.0743976
                0.22,            0.0843342
                0.23,             0.101253
                0.24,             0.126458
                0.25,             0.161204
                0.26,             0.206532
                0.27,              0.26314
                0.28,             0.331328
                0.29,             0.411043
                 0.3,             0.501973
                0.31,             0.603655
                0.32,             0.715569
                0.33,              0.83721
                0.34,             0.968118
                0.35,               1.1079
                0.36,              1.25624
                0.37,              1.42658
                0.38,              1.65512
                0.39,              1.88206
                 0.4,              2.11521
                0.41,              2.35672
                0.42,              2.60738
                0.43,               2.8674
                0.44,              3.13658
                0.45,              3.41444
                0.46,              3.70034
                0.47,              3.99344
                0.48,              4.29286
                0.49,              4.59767
                 0.5,              4.90693
                0.51,              5.21977
                0.52,              5.53537
                0.53,                5.853
                0.54,              6.17202
                0.55,              6.49186
                0.56,              6.81205
                0.57,               7.1322
                0.58,              7.45196
                0.59,              7.77107
                 0.6,              8.08929
                0.61,              8.40645
                0.62,              8.72239
                0.63,                9.037
                0.64,              9.35019
                0.65,              9.66188
                0.66,              9.97202
                0.67,              10.2806
                0.68,              10.5875
                0.69,              10.8927
                 0.7,              11.1962
                0.71,              11.4981
                0.72,              11.7982
                0.73,              12.0965
                0.74,               12.393
                0.75,              12.6876
                0.76,              12.9802
                0.77,              13.2706
                0.78,              13.5587
                0.79,              13.8441
                 0.8,              14.1264
                0.81,               14.405
                0.82,              14.6792
                0.83,              14.9478
                0.84,              15.2096
                0.85,              15.4631
                0.86,              15.7066
                0.87,              15.9387
                0.88,              16.1578
                0.89,               16.363
                 0.9,               16.554
                0.91,              16.7308
                0.92,              16.8941
                0.93,              17.0447
                0.94,               17.184
                0.95,              17.3129
                0.96,              17.4328
                0.97,              17.5447
                0.98,              17.6495
                0.99,              17.7482
                   1,              17.8415
                1.01,              17.9301
                1.02,              18.0145
                1.03,              18.0954
                1.04,               18.173
                1.05,              18.2479
                1.06,              18.3203
                1.07,              18.3905
                1.08,              18.4586
                1.09,               18.525
                 1.1,              18.5899
                1.11,              18.6536
                1.12,              18.7161
                1.13,              18.7777
                1.14,              18.8384
                1.15,              18.8983
                1.16,              18.9577
                1.17,              19.0166
                1.18,               19.075
                1.19,              19.1331
                 1.2,               19.191
                1.21,              19.2486
                1.22,              19.3061
                1.23,              19.3636
                1.24,               19.421
                1.25,              19.4785
                1.26,              19.5361
                1.27,              19.5938
                1.28,              19.6516
                1.29,              19.7097
                 1.3,               19.768
                1.31,              19.8266
                1.32,              19.8855
                1.33,              19.9447
                1.34,              20.0042
                1.35,              20.0641
                1.36,              20.1244
                1.37,              20.1851
                1.38,              20.2462
                1.39,              20.3076
                 1.4,              20.3695
                1.41,              20.4318
                1.42,              20.4945
                1.43,              20.5577
                1.44,              20.6212
                1.45,              20.6852
                1.46,              20.7495
                1.47,              20.8143
                1.48,              20.8794
                1.49,              20.9449

